Estación          lat     lon    sondeos  00UTC  12UTC  %jet_norte(oct-mar,12UTC)  núcleo_dp mediana
ARM00087155  -27.44  -59.05    19041   2463  15038     15.5           63
ARM00087344  -31.30  -64.21    17129   2429  14126     16.0           78
ARM00087418  -32.84  -68.80    13553   1931   9911      1.4          166
ARM00087576  -34.82  -58.54    23622   7363  15150      9.6           62
ARM00087623  -36.59  -64.28    16293   1925  14075     19.4           51
ARM00087715  -38.95  -68.14    10690    560   9118      5.7           82
BRM00082022    2.85  -60.69    11189   3696   7461     45.0           76
BRM00082193   -1.38  -48.48    21742   8301  13348      3.7           85
BRM00082244   -2.43  -54.72     9806   3502   6304     15.7           80
BRM00082281   -2.60  -44.23    10129   2822   7283      5.1           72
BRM00082332   -3.15  -59.98    21466   8286  13157      5.1           90
BRM00082599   -5.92  -35.25    16151   5258  10864      0.1           63
BRM00082824   -8.77  -63.92    14084   4276   9779      3.0           97
BRM00082983   -9.38  -40.48     8006     56   7715      1.2          113
BRM00083208  -12.70  -60.10    16515   6417  10006      5.5           64
BRM00083362  -15.65  -56.10    12026   4749   7244      7.8           78
BRM00083378  -15.87  -47.92    25192  10250  14846      6.3           91
BRM00083566  -19.62  -43.97    14565   5658   8840      2.8          117
BRM00083612  -20.47  -54.67    23164   9992  13072      9.8           61
BRM00083649  -20.27  -40.28     8349   2572   5776     10.7          108
BRM00083746  -22.82  -43.25    26463  11080  15333      2.5          143
BRM00083768  -23.33  -51.13     9493   3197   6294     10.0           78
BRM00083827  -25.60  -54.48    15906   6933   8942     20.5           79
BRM00083840  -25.52  -49.17    24098   9744  14273      5.1           98
BRM00083899  -27.67  -48.55    13861   6603   7251      7.6          121
BRM00083928  -29.78  -57.03    10581   4596   5981     11.4           57
CIM00085442  -23.45  -70.45    16129   2113  13753      0.3          188
CIM00085799  -41.44  -73.10    17343   1184  16128      1.9           68
COM00080222    4.70  -74.15    16152   2150  13407      0.5          182
FGM00081405    4.82  -52.37    26804  10147  11895      2.9           92
PEM00084628  -12.02  -77.12     7283   2545   4240      0.3          164
