Jet del norte (Bonner 1, perfil completo), oct-mar, 1980-2025
               lat    lon  temporadas  frec_jet_12  frec_jet_00  tend_pp_dec  p_tend  nucleo_v_med  nucleo_dp_med    snht  quiebre  salto_v850
sid                                                                                                                                           
CIM00085799 -41.44 -73.10          41         1.93          NaN         0.50    0.00         16.00          68.00     NaN      NaN         NaN
ARM00087715 -38.95 -68.14          25         5.60          NaN         1.28    0.00         15.65          82.50     NaN      NaN         NaN
ARM00087623 -36.59 -64.28          40        19.40          NaN         5.21    0.00         15.95          51.00     NaN      NaN         NaN
ARM00087576 -34.82 -58.54          42         9.64         4.24         1.37    0.06         14.40          62.00     NaN      NaN         NaN
ARM00087418 -32.84 -68.80          26         1.47         0.87         0.48    0.00         13.90         166.00     NaN      NaN         NaN
ARM00087344 -31.30 -64.21          37        16.06        18.05         2.47    0.00         15.40          78.00     NaN      NaN         NaN
BRM00083928 -29.78 -57.03          18        11.32         3.18          NaN     NaN         14.90          57.35    3.45  2020-11        0.40
BRM00083899 -27.67 -48.55          21         7.57         5.25         0.62    0.57         13.90         121.00    5.59  2024-09       -0.67
ARM00087155 -27.44 -59.05          40        15.65         4.95         2.44    0.00         17.00          62.60    7.21  2021-04       -0.84
BRM00083827 -25.60 -54.48          29        20.49         2.05         5.01    0.00         14.90          79.00    7.83  1995-06       -1.01
BRM00083840 -25.52 -49.17          40         5.10         0.92         1.11    0.00         14.40          97.00    4.10  2024-09        0.46
CIM00085442 -23.45 -70.45          35         0.34         0.50        -0.00    0.24         12.90         188.00     NaN      NaN         NaN
BRM00083768 -23.33 -51.13          17         9.95         0.96          NaN     NaN         13.90          78.00   11.30  2013-10        0.38
BRM00083746 -22.82 -43.25          40         2.60         1.32         0.95    0.00         13.40         143.00     NaN      NaN         NaN
BRM00083612 -20.47 -54.67          29         9.87         2.22         2.47    0.03         14.90          60.00   17.97  2000-04        1.09
BRM00083649 -20.27 -40.28          17        10.62        28.83          NaN     NaN         13.90         108.50     NaN      NaN         NaN
BRM00083566 -19.62 -43.97          27         2.80         1.55         0.58    0.16         13.90         117.00     NaN      NaN         NaN
BRM00083378 -15.87 -47.92          41         6.38         2.42         0.64    0.10         13.90          91.00     NaN      NaN         NaN
BRM00083362 -15.65 -56.10          22         7.74         3.59         1.56    0.26         13.90          78.00     NaN      NaN         NaN
BRM00083208 -12.70 -60.10          29         5.53         2.41         0.94    0.00         13.40          64.00     NaN      NaN         NaN
PEM00084628 -12.02 -77.12          14         0.31         0.18          NaN     NaN         15.40         163.90     NaN      NaN         NaN
BRM00082983  -9.38 -40.48          19         1.22          NaN          NaN     NaN         13.90         113.00     NaN      NaN         NaN
BRM00082824  -8.77 -63.92          26         3.04         1.06        -0.38    0.54         13.40          97.00     NaN      NaN         NaN
BRM00082599  -5.92 -35.25          32         0.12         0.16        -0.00    0.98         59.20          63.00     NaN      NaN         NaN
BRM00082332  -3.15 -59.98          32         5.17         1.77         0.78    0.05         13.65          90.25     NaN      NaN         NaN
BRM00082281  -2.60 -44.23          19         5.17        30.00          NaN     NaN         14.90          72.00     NaN      NaN         NaN
BRM00082244  -2.43 -54.72          19        15.55         2.78          NaN     NaN         13.90          80.00   18.69  2023-01        0.46
BRM00082193  -1.38 -48.48          37         3.69        19.22         1.07    0.00         13.40          85.00  108.57  1987-05        1.71
BRM00082022   2.85 -60.69          19        44.99         6.06          NaN     NaN         14.90          76.00     NaN      NaN         NaN
COM00080222   4.70 -74.15          20         0.48         0.29        -0.00    0.78         14.40         182.00     NaN      NaN         NaN
FGM00081405   4.82 -52.37          32         2.84         2.25         0.02    0.97         13.90          92.00     NaN      NaN         NaN

SNHT crítico ~9-11 (95 %, n 300-550): valores mayores indican quiebre en el viento meridional a 850 hPa.
